218222
362972
405747
406802
407177
407454
407507
407529
407577
407643
407769
407859
407897
408014
408217
408251
408253
408332
408338
408340
364601
386929
388179
399045
400048
401187
402187
402809
402953
402961
407609
407695
407824
408044
408333
363216
364601
383701
400080
401187
402961
403421
404785
405907
407398
407405
407467
407630
407819
407824
258405
379887
382690
392760
395488
396472
399333
402092
402187
402202
402270
402691
402796
402953
403168
403512
404561
404785
405431
406221
364601
387981
395073
397023
398310
402688
402809
403390
404732
405079
405354
405871
406221
406673
406734
406949
407517
407608
407609
197429
210490
213732
216989
227164
229787
230931
231391
231431
231596
232124
232175
232181
232383
236122
237045
241302
360598
400431
405354
188310
196338
196929
198661
198873
199301
207211
207368
214172
219390
219415
